  -1.6951300e-01  -2.4397000e-01
  -1.4626180e+00  -1.3332940e+00
   7.6967100e-01   8.4924400e-01
   2.5231500e-01   5.6051000e-01
   7.8094000e-02   4.5375700e-01
   1.2884040e+00   1.3743200e+00
  -3.9725100e-01   4.1922000e-02
   4.2949000e-01   4.1567900e-01
   7.2929300e-01   9.4513700e-01
   1.5616600e-01  -4.3095300e-01
  -1.4804650e+00  -1.5474860e+00
   1.3698250e+00   1.4456110e+00
   6.6453900e-01   5.8885600e-01
  -1.8288800e-01   3.5502000e-02
   8.2329300e-01   1.0463600e+00
   3.1983700e+00   2.5573450e+00
   8.3963100e-01   6.9755800e-01
   1.5483620e+00   1.8345480e+00
   2.5639400e-01  -1.2420100e-01
   1.7480770e+00   1.9561000e+00
  -5.2826800e-01  -6.7415200e-01
  -4.6091000e-02   1.8493000e-01
   9.4473100e-01   8.1249800e-01
  -7.6291000e-02  -7.9195000e-02
  -3.2930500e-01  -4.2268900e-01
   2.7069560e+00   2.6210840e+00
  -5.9135800e-01  -5.5360000e-01
   3.3888100e-01   1.1296200e-01
   1.3163370e+00   1.8674970e+00
  -1.7394370e+00  -2.0149930e+00
  -1.7769490e+00  -1.8246970e+00
  -5.9429700e-01  -9.2648900e-01
   1.5202400e+00   9.9601800e-01
  -2.3750000e-01   2.9589000e-01
   4.1392000e-01   5.7931900e-01
  -4.5561200e-01  -3.5723300e-01
  -1.6130860e+00  -1.3441780e+00
  -9.8547800e-01  -1.1084790e+00
  -6.7062900e-01  -2.9698000e-01
   1.3530290e+00   8.7588100e-01
  -1.7533230e+00  -1.5981560e+00
  -1.3950630e+00  -1.1514920e+00
   1.3453790e+00   1.5482310e+00
  -1.2225450e+00  -1.5892140e+00
   6.2599100e-01   6.8901800e-01
  -2.2993000e-02  -6.0103600e-01
   7.4552700e-01   1.0772680e+00
   3.2097600e-01  -3.6585800e-01
  -1.1110810e+00  -1.2736950e+00
  -3.0212800e-01  -7.5573700e-01
   2.6919100e-01   2.8754100e-01
  -1.0216980e+00  -1.2353320e+00
   4.7241100e-01   2.3840000e-01
   4.3093500e-01   8.0664800e-01
  -5.3775500e-01  -6.6625300e-01
   2.0120900e-01   3.2027900e-01
  -2.2094050e+00  -2.1489820e+00
  -6.7129800e-01  -8.6726500e-01
   2.3955500e-01   7.9634400e-01
  -7.9283800e-01  -4.3692500e-01
   2.0165330e+00   2.1886410e+00
  -7.9728000e-02   8.7098000e-02
  -8.4927200e-01  -5.5004100e-01
  -3.5038400e-01  -4.4417400e-01
   3.5839100e-01   3.9934500e-01
   1.5930140e+00   8.7770300e-01
   2.3919300e+00   2.2678300e+00
   2.0447400e-01   1.5919800e-01
  -1.8229400e-01   2.0590500e-01
   6.3678400e-01   2.6989400e-01
  -9.5300500e-01  -4.6290300e-01
  -4.4177400e-01  -2.9506200e-01
  -1.1894630e+00  -1.1258990e+00
  -9.0698900e-01  -7.5529500e-01
  -1.3861250e+00  -9.6878200e-01
  -7.2102300e-01  -2.8513300e-01
  -1.9668900e-01  -3.5712800e-01
   1.1774150e+00   1.2622820e+00
   4.2778800e-01   9.1581500e-01
   1.6610530e+00   2.0247210e+00
   1.8836590e+00   1.5114450e+00
   8.9954300e-01   2.1783000e-02
   1.9151600e-01  -1.4650800e-01
  -7.5865300e-01  -1.3809020e+00
   6.0801300e-01   4.0949400e-01
  -1.0149810e+00  -1.1823530e+00
   1.6455250e+00   1.8616820e+00
  -2.6634100e-01  -5.0629700e-01
   1.0229830e+00   5.5101100e-01
   8.4984400e-01   5.6562700e-01
   1.5007740e+00   1.3235380e+00
   2.8566800e-01   5.2744700e-01
   5.8987600e-01   8.0978200e-01
   7.3411100e-01   5.6159200e-01
  -3.0572300e-01  -1.7939700e-01
   7.2481000e-01   9.5715000e-02
   3.5303700e-01   1.3603500e-01
  -3.0542000e-01  -5.5024100e-01
  -6.1641000e-02   6.9992000e-02
  -1.4752300e-01  -7.6296600e-01
  -4.8060000e-02   3.4332400e-01
  -1.0530580e+00  -1.0721010e+00
   1.3790760e+00   1.2106400e+00
  -2.5549230e+00  -2.5832470e+00
   1.2413800e-01  -5.0286200e-01
  -6.2187700e-01  -7.2174400e-01
   6.1422400e-01  -5.1647000e-02
   2.1119940e+00   1.4457710e+00
   1.3456200e-01   2.1590600e-01
  -1.0620190e+00  -1.3674630e+00
  -3.6792100e-01  -5.9809400e-01
  -7.6847500e-01   1.7877600e-01
   2.3103800e-01   1.0109470e+00
   3.5498000e-01   8.5949800e-01
   9.1605000e-02  -2.4488600e-01
   4.7313500e-01  -1.8986000e-02
  -3.5364200e-01  -7.1610900e-01
  -7.3724600e-01  -1.0689690e+00
  -3.7742400e-01  -8.5722100e-01
   1.7646730e+00   1.3988410e+00
  -5.0660000e-02  -2.1711000e-01
  -9.1040500e-01  -1.4299680e+00
  -2.7470700e-01  -2.1226300e-01
   1.6356900e-01  -1.7026500e-01
  -1.4667900e+00  -1.4295360e+00
  -4.6901600e-01  -5.4512500e-01
  -1.9860490e+00  -2.1270710e+00
  -6.8516100e-01  -4.8170100e-01
  -5.0440000e-01  -5.0263800e-01
  -1.9899780e+00  -1.6130080e+00
  -2.1116500e-01  -7.8265700e-01
  -1.5087520e+00  -1.8505200e+00
   1.8481680e+00   1.3055980e+00
   7.0830600e-01   5.5103200e-01
   9.4442700e-01   6.4536100e-01
  -3.2602400e-01  -4.8114500e-01
   7.9224800e-01   6.9643000e-02
  -1.4167600e+00  -1.2201900e+00
   8.0661600e-01   6.8436400e-01
  -4.8463600e-01  -8.8320000e-01
  -2.6326200e-01  -5.8365300e-01
  -9.9891600e-01  -1.4404760e+00
  -7.0328100e-01  -1.1317670e+00
  -5.5541300e-01  -9.5826700e-01
  -6.0787500e-01  -1.2277360e+00
   2.4543160e+00   2.0373990e+00
  -1.6585000e-02   1.9694300e-01
   1.3708200e+00   1.8307420e+00
  -1.5036560e+00  -2.1445600e+00
   2.2584700e-01   3.5151600e-01
   6.4036000e-01   3.1056300e-01
  -5.3022300e-01  -6.4060200e-01
   3.4571000e-01   5.0797800e-01
   1.5916840e+00   1.1664970e+00
   7.5676700e-01   4.6711700e-01
   2.7266300e-01  -6.3323000e-02
   3.9753300e-01   2.7025600e-01
   5.4265000e-01   7.1357100e-01
  -3.4819200e-01  -1.2333100e-01
  -1.3926330e+00  -1.7082590e+00
   2.0646160e+00   1.7136110e+00
  -2.0000000e-03   2.5677500e-01
  -2.9563000e-01  -1.3872700e-01
   1.2252700e-01   1.7015100e-01
  -2.6294800e-01  -4.0652100e-01
   9.3907900e-01   6.6695600e-01
  -9.8787200e-01  -3.0727000e-01
  -2.5575600e-01  -1.2168900e-01
   7.8688700e-01   8.4654500e-01
  -5.7632300e-01  -7.1478700e-01
  -6.3087300e-01  -8.3847500e-01
  -1.0155060e+00  -9.3834200e-01
   2.2551000e-02  -4.7387800e-01
  -9.9045000e-02  -4.7532300e-01
   6.4229600e-01   1.2848420e+00
   5.2350000e-03  -4.3567000e-01
  -9.3312600e-01  -1.1822600e+00
  -2.3393600e-01  -2.5061700e-01
  -5.6693500e-01  -6.4348400e-01
   3.5077000e-01  -2.9957000e-01
  -2.2215490e+00  -1.7363060e+00
   5.0514600e-01   6.7675500e-01
   6.2271000e-02  -3.6604400e-01
  -1.4204100e+00  -1.1666140e+00
  -9.2632200e-01  -7.9630300e-01
   1.5602820e+00   1.9257150e+00
  -1.2107800e-01  -3.1408400e-01
  -1.1167640e+00  -7.8092200e-01
  -7.1583500e-01  -9.6026000e-02
   1.3578600e+00   1.2420400e+00
   1.2507100e+00   1.7861450e+00
  -6.6689100e-01  -6.1548700e-01
   7.7543300e-01   1.0783200e+00
  -7.7519300e-01  -3.7589300e-01
  -1.0469000e+00  -9.4613600e-01
  -2.1228470e+00  -2.3478700e+00
  -1.3231380e+00  -1.1489160e+00
   1.0432550e+00   8.8434500e-01
   8.8443500e-01   4.9769100e-01
   1.3738670e+00   9.5383500e-01
   4.6064700e-01   1.1182800e-01
   4.1747200e-01   2.3019200e-01
  -1.2924300e+00  -7.7301300e-01
  -2.3379250e+00  -2.0553230e+00
  -8.9006200e-01  -5.2774000e-01
   1.6060200e-01  -1.2045700e-01
   2.5323600e-01   4.8570000e-03
   1.3944650e+00   7.1404800e-01
   9.8549100e-01   9.7170800e-01
   1.0532020e+00   2.3669600e-01
  -3.8534100e-01   2.3859000e-01
   5.3233000e-02  -1.3830800e-01
  -8.0173800e-01  -8.3896000e-01
  -1.1195650e+00  -1.1687430e+00
  -2.4749040e+00  -2.3038720e+00
  -6.9502200e-01  -9.2089800e-01
   1.1203310e+00   8.7499400e-01
  -6.2517800e-01  -7.9109400e-01
  -3.5669000e-01  -1.0136430e+00
  -6.7333100e-01  -4.0320900e-01
  -3.2747000e-02  -2.6164300e-01
   2.0994100e-01   4.8289700e-01
  -1.0194070e+00  -1.4678970e+00
  -3.2822400e-01  -1.3640800e-01
  -6.6777100e-01  -6.8910800e-01
   3.9974400e-01   1.6212000e-01
  -8.6904500e-01  -7.5986300e-01
   1.8777700e-01   1.8864000e-02
  -1.4734310e+00  -1.5777510e+00
  -1.1276290e+00  -1.5516480e+00
   1.8699200e-01   5.9271600e-01
  -1.4467200e-01   2.0694500e-01
   3.1616200e-01   2.4665400e-01
  -1.8457700e-01  -2.5991700e-01
   7.3970800e-01   6.4268200e-01
   5.8780100e-01   1.1050520e+00
   4.1183300e-01  -9.9320000e-02
  -1.9159800e-01   3.9524000e-02
  -3.9700800e-01  -6.7600000e-04
  -1.3342920e+00  -1.2691610e+00
   1.2143100e+00   1.4221950e+00
   2.9637300e-01  -1.7289400e-01
  -1.3746520e+00  -2.0842230e+00
   5.3045000e-02  -2.7742500e-01
   2.4269000e-01   9.1999100e-01
  -1.0174680e+00  -7.3334400e-01
   3.7873600e-01   3.4384300e-01
  -1.9673800e+00  -1.9874510e+00
  -1.6356800e-01  -3.1238400e-01
  -2.1605430e+00  -2.5370750e+00
  -1.7467990e+00  -1.2033000e+00
   5.9302000e-01   8.9410600e-01
  -1.8287620e+00  -1.6970460e+00
   2.9301300e-01  -1.1187700e-01
  -7.3971200e-01  -4.2307200e-01
   3.7179000e-02  -1.0079800e-01
  -1.9937550e+00  -1.3170100e+00
   1.4802060e+00   1.2061580e+00
   9.8959500e-01   2.2048500e-01
   3.3860400e-01  -2.5386000e-02
   7.8998000e-02   2.3628000e-01
  -3.5305000e-01  -1.6619100e-01
  -3.7590000e-03   1.1811800e-01
  -1.2551530e+00  -1.3321780e+00
   1.8864700e-01  -2.1808900e-01
  -1.8130000e-02   1.3394000e-01
  -4.4873000e-02   4.0159800e-01
   3.0347300e-01   4.8013400e-01
   5.4113000e-01   5.6531300e-01
  -1.8628070e+00  -1.5267270e+00
  -6.5400800e-01   1.4440000e-03
   1.9876520e+00   1.9900470e+00
   1.0196460e+00   1.1413570e+00
   1.6022360e+00   1.8003320e+00
  -9.4013100e-01  -1.1657710e+00
   6.0732800e-01   4.9271000e-01
   6.9368800e-01   5.2573500e-01
   6.3517900e-01   1.1228770e+00
   1.5035430e+00   1.3439430e+00
   1.2908870e+00   1.6364040e+00
  -1.2512710e+00  -1.1127600e+00
  -1.5377820e+00  -1.9325290e+00
  -1.3483410e+00  -1.0673760e+00
   1.0168160e+00   5.7633700e-01
   1.2250400e-01  -1.1589800e-01
   1.2532200e+00   1.2216600e+00
   5.7319300e-01   7.0843300e-01
  -1.7764400e-01  -1.7940000e-02
   1.0407380e+00   1.0350850e+00
   1.4759610e+00   8.6813700e-01
   4.9134000e-01   2.5612400e-01
  -7.0848200e-01  -3.9726200e-01
  -6.5748600e-01  -7.7691500e-01
   1.2626320e+00   1.2338470e+00
  -2.3484100e-01   1.4180100e-01
  -4.5178900e-01  -3.6780500e-01
  -1.2378530e+00  -9.9115800e-01
  -7.3964800e-01  -6.0234800e-01
   1.1256900e-01  -3.0439900e-01
   1.3602740e+00   1.2415470e+00
   2.8210800e-01   2.5240800e-01
  -9.7526300e-01  -1.1817720e+00
   1.0063580e+00   5.1115400e-01
  -1.0918980e+00  -1.6313810e+00
  -2.7424600e-01   8.1864000e-02
   2.3336430e+00   2.4121420e+00
  -2.6629400e+00  -2.8325940e+00
  -1.3115960e+00  -9.5163600e-01
   1.7078100e-01  -6.6042000e-02
   2.0425000e+00   1.0112690e+00
   1.4275690e+00   1.0091760e+00
  -8.4723000e-01  -7.4242000e-01
   8.0080200e-01   9.5627800e-01
  -5.2473100e-01  -2.4112100e-01
  -7.7926200e-01  -9.8500500e-01
  -1.5932020e+00  -1.6776330e+00
  -8.6364100e-01  -8.1803600e-01
   7.7176000e-01   1.1177940e+00
  -1.6816020e+00  -1.7835950e+00
  -2.8607800e-01  -8.4031900e-01
   4.9484600e-01   1.7761100e-01
  -4.5980000e-02  -9.0293000e-02
   3.3562000e-02  -2.0576900e-01
  -1.0194080e+00  -6.1300800e-01
  -1.1816460e+00  -5.7220900e-01
  -8.6255700e-01  -7.6145800e-01
   3.0801600e-01   2.4469300e-01
  -2.6819100e-01  -2.6898600e-01
  -5.3100900e-01  -1.2611000e+00
   5.3548300e-01   7.5489100e-01
  -7.5251200e-01  -1.4087940e+00
   1.4197380e+00   2.0597570e+00
   3.1030280e+00   2.9610630e+00
  -9.6623400e-01  -8.1260000e-01
   7.6172100e-01   9.1484700e-01
  -2.5716300e-01  -7.9959000e-02
  -4.2345100e-01  -1.8912700e-01
  -2.4095000e-01  -1.6315500e-01
   3.8512100e-01   4.2610600e-01
   1.4859690e+00   1.8133120e+00
  -1.9308970e+00  -2.0598780e+00
  -7.8374000e-01  -6.4300100e-01
  -2.7699500e-01  -1.8013000e-02
  -6.3394000e-01  -2.7664400e-01
   9.6311200e-01   1.3654300e+00
  -6.7936900e-01  -9.1037000e-01
   3.6822600e-01   1.0700200e-01
  -1.4111100e-01  -1.1693400e-01
  -3.6656960e+00  -3.9093690e+00
   5.0349000e-02  -2.8077500e-01
   1.0489900e+00   9.9296100e-01
   5.9121600e-01   6.0521500e-01
   1.1652280e+00   7.2648800e-01
  -1.1318100e-01  -2.2929000e-02
   5.8949000e-01   9.3244000e-02
  -5.3287200e-01  -2.0056300e-01
  -6.2585000e-02   3.5998400e-01
   2.6374300e-01  -2.6452100e-01
  -1.7098880e+00  -1.4062940e+00
   3.3442400e-01   3.7842300e-01
  -1.8112560e+00  -1.6705600e+00
  -2.5307100e-01  -9.3954400e-01
   8.7948700e-01   2.7984000e-02
   5.0549200e-01   3.9865700e-01
   1.2673130e+00   1.2019580e+00
   5.7861500e-01   5.8043000e-01
  -6.3325100e-01  -4.8245000e-02
  -1.5281280e+00  -1.9279640e+00
  -1.3432900e-01  -8.6513200e-01
  -1.4922210e+00  -1.4849120e+00
   8.0727100e-01   1.3337180e+00
   8.2861500e-01   1.0319500e-01
   4.3906000e-02  -1.2797700e-01
   1.9518300e-01   1.2728000e-02
  -1.0464220e+00  -7.7170300e-01
  -8.9231700e-01  -7.1115500e-01
  -1.3056540e+00  -1.3123680e+00
   4.1408500e-01   3.5260700e-01
   9.4047200e-01   8.1166400e-01
  -9.6742200e-01  -1.5842570e+00
  -1.0230840e+00  -1.1263680e+00
   4.1987000e-01  -1.7994000e-02
  -5.0101000e-01  -5.0876000e-01
   5.4889800e-01   8.3365000e-02
   1.0805060e+00   1.9123000e-01
   1.1902030e+00   1.1984390e+00
   9.0226800e-01   7.6323500e-01
  -5.0220400e-01  -5.7094800e-01
  -1.3658240e+00  -6.7176100e-01
  -4.5479800e-01  -4.0997200e-01
   8.7812700e-01   9.2432200e-01
   9.5588300e-01   1.3877770e+00
  -1.6106710e+00  -1.6973010e+00
  -1.5166620e+00  -2.1909940e+00
   1.2670960e+00   1.3238620e+00
  -4.3886000e-02   3.9397600e-01
  -6.3329000e-01  -8.9096300e-01
   7.9181000e-02   2.1438400e-01
   1.7669000e-02  -1.4739000e-01
   1.2423250e+00   9.9426200e-01
  -1.0431220e+00  -8.8119200e-01
  -6.5508700e-01  -9.2940600e-01
  -1.1181060e+00  -1.4384610e+00
   1.1067730e+00   8.5865600e-01
  -7.5596500e-01  -6.0348500e-01
   2.1998500e-01   2.0524500e-01
  -1.7010100e+00  -1.9471970e+00
   2.0497100e-01   4.6589300e-01
   1.5510960e+00   1.9502580e+00
  -1.7894600e-01  -4.6140000e-02
  -1.1731130e+00  -1.3676270e+00
  -1.1891000e-02  -1.6897200e-01
   1.6367300e-01   5.8189000e-01
   1.3032560e+00   1.8929440e+00
   1.6887600e+00   2.0400020e+00
  -6.7927200e-01  -8.9762900e-01
   1.9108600e-01   1.0835100e-01
  -4.6884700e-01  -5.3665000e-02
  -1.4755330e+00  -1.2707240e+00
  -4.3315800e-01  -3.9756200e-01
   2.0550970e+00   1.6297170e+00
   6.2927400e-01   7.7409300e-01
   6.3446900e-01   4.6701300e-01
   1.8039390e+00   2.6650080e+00
  -1.9520200e-01  -5.2864600e-01
   4.9706000e-02   1.6288600e-01
   9.4760700e-01   1.8161750e+00
   4.4221200e-01   4.8307500e-01
   3.6010900e-01   6.2847500e-01
   3.5175800e-01   3.6680700e-01
  -8.8583500e-01  -4.0483100e-01
   1.4126530e+00   1.4895760e+00
   4.7091900e-01   2.0192200e-01
   2.7254300e-01   2.5991600e-01
   1.9271710e+00   1.6450770e+00
   1.4785640e+00   1.5228490e+00
  -8.4824700e-01  -5.1781500e-01
   5.8690700e-01   8.2550300e-01
  -2.6881100e-01  -3.3694100e-01
  -2.4791300e-01  -1.6160100e-01
  -1.2307330e+00  -1.4103960e+00
   1.3636770e+00   1.4278420e+00
  -2.8512400e-01  -2.4358100e-01
  -7.8940000e-01  -7.3581600e-01
  -1.8779100e-01  -3.0733600e-01
   1.3047180e+00   1.3077070e+00
   8.7564800e-01   5.6338700e-01
   1.2492750e+00   1.1360110e+00
  -1.6206150e+00  -2.0368410e+00
  -3.8093000e-02   5.0711700e-01
  -4.1826100e-01  -8.6537900e-01
   1.1874830e+00   1.4925550e+00
   5.8697800e-01   4.1087000e-01
  -1.0660950e+00  -1.1226480e+00
  -3.1524200e-01  -9.7551000e-01
   3.0151300e-01  -2.1302000e-02
  -1.5762460e+00  -1.6811960e+00
  -7.9007600e-01  -1.2831930e+00
   1.0903760e+00   1.1758520e+00
  -1.0793200e-01  -9.1140600e-01
  -6.9998700e-01  -2.8153000e-01
  -1.5312160e+00  -1.1538800e+00
   1.7851920e+00   2.1743350e+00
   9.6961000e-02   2.1641500e-01
   2.9899000e-02  -2.6308900e-01
   1.5863630e+00   1.5015530e+00
  -6.4645100e-01  -7.0281000e-01
   1.6214730e+00   1.6602330e+00
  -3.3697900e-01  -3.8034600e-01
   7.5934000e-02   1.0033400e-01
   2.7028600e-01   4.1125700e-01
   2.0440000e-01   3.7371400e-01
   7.6242200e-01   1.1755730e+00
  -1.2594000e-02  -9.3094000e-02
   1.3776150e+00   1.4717210e+00
  -5.3884000e-02   1.1236900e-01
   8.2963500e-01   3.8055000e-01
   2.5600390e+00   2.0691090e+00
   1.1289220e+00   1.2043730e+00
   6.0761700e-01   9.5648600e-01
  -1.0867600e-01  -3.9836400e-01
  -2.5771700e-01  -4.0726200e-01
  -1.2890600e-01   3.5314300e-01
   3.8259800e-01   2.6418700e-01
   1.6600300e-01   4.8495800e-01
   1.0706800e-01  -2.1814000e-01
  -8.6599400e-01  -3.3212000e-01
   1.3841770e+00   1.0671720e+00
   2.8375000e-01   1.5782900e-01
   6.6545000e-02  -3.3559900e-01
   1.7012330e+00   1.8011910e+00
   2.0887970e+00   1.3680400e+00
   2.2979720e+00   1.9356040e+00
   3.9433000e-02  -1.9007800e-01
  -7.1046300e-01  -2.8551600e-01
  -6.8802400e-01  -4.4234000e-02
  -6.6620500e-01  -5.3558400e-01
  -1.2870490e+00  -8.7981600e-01
  -1.3530100e-01  -3.8781500e-01
  -4.4855500e-01  -1.3881010e+00