0.775841 -0.641131 
-0.369374 -0.465968 
0.117287 -0.389458 
-1.299430 -0.501486 
1.493706 -0.575275 
0.608083 1.439225 
-1.032345 -0.440580 
0.383224 -0.205078 
0.817302 -1.115505 
-0.503595 0.151439 
1.970475 1.664175 
0.428116 1.510462 
0.068711 -0.013584 
-0.320868 0.102050 
2.474001 0.445769 
-0.338447 -1.706193 
-1.080694 1.256699 
1.301344 -1.496498 
0.388226 -0.073859 
-1.969687 -1.403210 
-1.407915 0.002620 
-0.547113 -0.854356 
-1.197502 -1.007154 
0.566987 0.237071 
-0.465537 -0.103824 
1.320586 -0.312950 
-1.845948 -0.600906 
-1.186995 -1.190890 
0.618360 -0.685807 
1.707119 1.126956 
-1.195333 1.014048 
-0.536642 -0.927596 
-0.189711 -0.148879 
1.197520 -0.208402 
0.453386 -1.285126 
0.687452 1.302988 
0.457113 -1.118102 
-0.481749 -0.057460 
-0.298850 -0.828395 
1.805555 -1.467402 
-0.441398 -0.473215 
-1.504338 0.048416 
0.467396 -1.412745 
1.990966 -1.333641 
-0.541658 0.236251 
0.216157 -1.035850 
0.189374 -0.949032 
1.444892 -0.982149 
0.083610 0.622898 
-1.616665 0.192308 
-1.403392 0.497966 
1.942445 -1.098286 
-1.530735 0.588753 
-0.366439 1.562404 
-0.495616 -0.948984 
0.122837 -0.972754 
0.522651 -1.753658 
-0.238115 -1.031838 
-0.233290 1.879293 
-1.443368 1.230535 
-0.735864 0.342014 
-0.171001 0.862135 
-0.812262 -2.034395 
-0.802260 2.118512 
1.242479 -0.568581 
-0.250020 -1.796363 
1.279902 -0.372045 
0.014183 -0.175887 
0.000658 -0.168429 
-0.610368 0.357000 
1.723413 -0.209425 
0.333959 -0.242573 
1.396780 -1.286761 
-0.832516 0.336723 
-0.418474 0.934501 
-0.285772 -0.087907 
0.989060 -0.160375 
-0.234815 -0.444815 
-0.278160 0.671636 
0.243298 -1.138490 
0.461924 0.871963 
-0.004865 0.499557 
-0.123916 2.280545 
0.122408 -1.165023 
0.091268 1.108032 
-0.843058 0.258630 
0.708280 -0.128478 
0.091585 -0.825268 
-0.169772 0.371206 
1.140362 -0.997412 
0.764336 -1.780802 
0.467092 1.318481 
0.770309 -0.452611 
0.557585 0.701071 
0.810371 -0.040302 
0.211466 -0.754027 
-0.086623 -0.634007 
-1.932755 1.320488 
-0.849073 1.003289 
1.583147 -0.765651 
-1.191273 -2.160111 
-1.034922 -0.572295 
-0.596772 -0.367731 
0.642409 -1.120448 
-1.455522 -0.373976 
1.394934 0.654781 
0.095498 1.045415 
-1.898277 1.734159 
0.379576 0.452496 
-1.404249 -0.057086 
0.613422 1.073147 
-1.704373 0.007454 
-0.340964 -0.541366 
0.076421 -0.959224 
-1.527068 0.547774 
0.443100 -0.680788 
-0.793066 -1.834687 
-0.037219 -2.001733 
-1.446381 -0.237478 
-0.628221 -0.186294 
0.643692 0.274810 
0.637151 -0.023920 
-0.884923 -0.985606 
1.970038 0.424002 
-0.386697 -1.244388 
-0.374572 -0.299289 
-0.506575 0.653822 
1.236920 1.370353 
0.069225 -0.726772 
-1.774735 -1.611041 
-0.158749 -1.170679 
-1.417377 -0.629974 
1.044018 1.329634 
0.449063 -0.226152 
-0.330072 0.444998 
0.327638 -0.912688 
-0.005880 0.583348 
0.649021 -0.333290 
0.713108 -0.893907 
-2.017033 1.018152 
0.139058 -0.651738 
0.374411 1.727619 
-0.206113 -1.060053 
-0.028748 0.433280 
-0.632494 -0.299453 
1.249691 -0.897064 
0.669019 -0.894765 
-0.004712 -1.590640 
-0.873223 0.905931 
-0.216029 -1.226974 
-0.444472 -0.569823 
0.515539 -0.524489 
-0.767130 -0.537294 
-1.102564 0.667887 
2.008684 0.100015 
0.675657 -0.828242 
-0.711766 -0.046619 
0.148739 -1.000694 
1.409734 1.127718 
0.715901 -0.165706 
0.148787 0.442525 
0.689982 0.575370 
-0.405339 -1.658213 
-0.971775 1.515025 
0.574566 1.117545 
0.161337 -1.031439 
1.000509 -0.625682 
0.474619 -0.079262 
0.266781 1.695996 
0.976990 0.183463 
0.027558 -1.128480 
-1.225882 -0.877686 
0.544429 -0.226461 
0.472194 0.170739 
0.289750 -1.260376 
-0.598254 1.276973 
-2.410779 0.653431 
0.748694 0.032177 
1.560157 0.711688 
0.219822 0.067051 
-0.095635 0.726080 
-0.647163 0.792603 
-1.685790 -0.379991 
-1.160487 -0.081041 
-0.840976 -1.078071 
1.695338 -0.543926 
-0.461863 1.346267 
-0.471130 0.983200 
0.109905 0.740296 
0.106231 -0.772306 
1.914068 -0.138575 
0.398302 0.771757 
-1.326348 -0.612438 
-0.945721 -2.326181 
1.453170 0.298693 
1.779094 0.657719 
-0.349588 -0.040280 
0.193213 -1.257394 
-0.631070 0.452020 
0.253400 0.415592 
-0.475525 0.716883 
1.573946 0.449145 
0.954831 -0.513495 
-0.180823 1.693437 
0.825135 1.080157 
2.253947 0.442656 
1.773265 -1.828143 
-0.726517 -0.171589 
0.556227 0.722184 
-0.244344 1.751335 
0.523235 -0.225206 
-1.236913 1.735537 
-2.267100 -1.254651 
-0.610195 0.544089 
-1.137049 0.556025 
-0.080934 0.511402 
0.120069 -0.688188 
-0.826247 1.186541 
-0.105063 -0.459229 
0.419096 -0.795548 
0.090816 0.494675 
1.357929 -1.075058 
1.375129 -2.510550 
-0.136506 1.143337 
0.046671 0.771387 
0.454546 -0.567320 
2.156997 -0.168078 
-0.372806 -0.252914 
-0.344211 0.270632 
0.645974 0.353349 
2.571586 0.678814 
0.945082 1.027008 
0.208932 0.370760 
-1.730288 3.474682 
-1.001526 -1.128155 
-0.539317 0.268096 
-0.835048 -0.929564 
0.896530 0.519100 
-0.216288 -0.659501 
1.543689 1.018026 
-0.455728 0.704066 
0.068778 0.555106 
-1.144771 0.710315 
-1.303716 0.500311 
-1.110680 -0.496449 
-1.258272 -0.835633 
-1.079152 0.909496 
1.270107 -0.278245 
-0.943373 -0.746924 
0.842139 0.596893 
-0.803632 -0.938802 
0.677102 1.202025 
0.400950 1.287678 
-0.900239 -1.302711 
-0.047125 -2.134964 
1.279626 1.102725 
-0.718862 1.622251 
-1.079647 1.546562 
-2.569711 0.272881 
-2.192376 0.042674 
-2.689306 -0.811641 
-1.230871 -0.779487 
-0.871168 -0.954623 
-0.869940 1.919987 
-1.323465 -0.905341 
-0.017336 -0.825026 
0.645255 0.493107 
-1.676316 1.753508 
1.622984 -1.566479 
-1.146628 -1.663981 
-1.228023 0.960370 
0.049239 -0.668377 
-0.228180 0.491023 
0.638883 1.086913 
-0.187417 0.702800 
-0.915957 1.449172 
-0.424728 0.239083 
-1.128942 -0.145039 
1.307085 -1.089987 
-0.901509 -0.425942 
0.866108 -0.976821 
-0.533392 1.115830 
-0.174328 -0.950783 
-1.177773 -2.071909 
1.229367 -0.329068 
0.053308 0.793333 
-0.803865 1.216388 
-0.681727 -0.286566 
0.208762 -0.148064 
0.207055 -0.863149 
-0.750568 1.662211 
0.292319 -1.158245 
-0.004339 -0.435447 
-0.038609 1.932633 
-0.028951 1.045213 
-0.749930 -0.243977 
-1.178511 0.522203 
0.662138 0.734878 
-1.193244 -0.187053 
-0.964499 -0.188004 
0.185836 0.346767 
-1.159769 0.825916 
0.129517 0.331155 
0.500796 0.993024 
2.473422 -0.718319 
1.845585 0.082882 
-1.952409 -0.570735 
-0.511984 -1.499396 
0.434227 -0.396042 
1.883965 -1.156669 
0.281230 0.032616 
-2.252110 0.446302 
0.255531 -0.849905 
-0.273153 0.099148 
-0.494643 0.973984 
2.403034 -0.157279 
0.035703 0.178657 
-0.402501 -0.415064 
0.941818 -0.358741 
-0.032956 -0.479674 
-0.547820 -1.832092 
1.314891 0.913381 
1.153202 -2.172850 
-0.495732 1.090333 
1.044279 0.010749 
-0.360113 0.102109 
0.131615 -0.465756 
0.803306 0.157258 
1.129308 -1.004558 
1.161511 0.307635 
2.172844 1.731574 
0.922613 -1.039554 
0.750854 0.409542 
-0.915305 -0.798277 
-0.626579 0.422753 
1.098166 1.343433 
-0.766977 1.570626 
0.995245 1.004133 
-0.666038 -0.076440 
0.656865 -0.300773 
0.427734 -0.838902 
-1.131905 1.460847 
1.784219 -0.302039 
-1.128800 -0.072841 
0.447779 -0.104650 
-2.268452 -0.208267 
0.901915 0.222209 
-0.564516 -1.640569 
0.850913 -0.309923 
-0.815621 0.262067 
-0.068020 -0.784025 
0.063316 -0.076684 
-1.007187 0.631970 
-1.306021 0.177664 
-0.347495 -0.228706 
0.469842 -2.420602 
0.733612 -0.375709 
2.055445 0.195885 
-0.265688 -0.572404 
-0.204163 -0.129246 
-4.097137 -0.514290 
-0.372181 0.519155 
0.020071 -0.158816 
-1.273740 0.811347 
0.048925 -1.771450 
-0.046980 0.094501 
-0.068546 -0.910353 
0.706534 0.871641 
2.286621 -0.804199 
-1.524689 -1.103496 
0.357914 -0.414023 
-1.037412 -0.430656 
1.969058 0.898250 
0.546299 2.434713 
0.325238 0.848306 
0.261524 -0.230196 
-1.751760 1.401010 
-1.474424 0.953763 
0.060722 -1.283493 
-1.348990 -1.042092 
-0.816889 -0.424386 
0.171391 -0.368713 
0.003481 -0.751412 
-0.185835 0.646842 
1.132849 0.195507 
-0.048642 -0.748837 
-0.615317 -1.313119 
0.919543 -0.032993 
-0.537450 0.315264 
-0.274547 -1.510715 
0.872005 1.556246 
-0.151393 1.138379 
-1.272725 -1.354803 
-0.149331 1.816748 
-0.685995 1.200252 
-0.177160 -1.368154 
2.446845 -0.288707 
-0.918357 -0.604751 
1.141455 0.561142 
0.310244 0.197653 
0.266901 -0.603957 
-1.895091 -0.617679 
-0.208450 0.087854 
-0.493023 -0.695816 
0.075378 0.175975 
-0.836004 -0.333824 
1.597005 0.567408 
0.541327 -0.137394 
-1.852794 0.751793 
-0.676753 0.422778 
-0.660029 -3.054867 
-0.189159 -1.233914 
0.248005 0.701863 
-1.175906 0.397923 
-0.699660 -0.437804 
0.043902 1.481011 
1.825908 0.000340 
-0.918010 0.334260 
-0.553449 0.074260 
-0.288440 0.320937 
1.382775 0.805351 
0.010088 0.737993 
1.455970 -1.460766 
0.316673 -0.105722 
-0.002788 0.503338 
0.816967 0.132453 
-1.527695 -0.501879 
0.335325 0.929603 
-1.018809 -0.546848 
0.493778 -1.277247 
-1.456789 0.077336 
-1.109559 -0.193467 
-1.784749 -3.021942 
0.835864 -0.489446 
-0.127071 0.423592 
-0.485156 -0.501635 
-1.407271 0.434358 
-0.363481 0.196384 
1.290631 0.144901 
0.278345 0.016673 
-1.300689 -0.513650 
0.798237 -0.474680 
-0.595213 -1.649569 
-1.190379 -0.942019 
0.049301 -1.437882 
-0.717207 -0.617813 
-0.542540 1.229666 
-0.065659 0.468676 
-0.204138 -0.296446 
-0.721719 1.000167 
-0.915288 -0.641543 
0.026902 0.353870 
0.049936 -1.733482 
0.483927 0.352893 
-0.178851 -0.047763 
0.812016 0.047913 
-2.141363 0.657701 
-1.252058 0.243976 
-0.665096 -0.332307 
-0.410684 0.731772 
1.288713 -1.660959 
0.376209 0.687291 
-0.170243 -1.441638 
1.568530 1.949200 
0.589117 0.620809 
1.087596 -0.799844 
0.244238 -0.449670 
-0.460583 -0.879132 
-1.590099 -0.689883 
1.077345 -0.914629 
-0.558340 0.713350 
0.373228 -1.125246 
0.987828 0.582647 
-1.408751 1.141755 
-1.813216 0.337188 
-0.918341 2.233443 
-0.600266 -0.407509 
-1.595851 0.723431 
-0.015911 -1.159050 
1.130161 -0.263259 
2.089664 -0.717699 
-0.495363 0.335370 
-0.929668 0.869959 
-1.191815 -1.039045 
-0.538968 0.210840 
-1.626214 0.280997 
-1.275277 -0.969825 
-0.839350 -0.952407 
-1.700760 -0.185962 
-1.321146 -0.479563 
0.351293 0.176922 
-1.226887 1.325988 
-0.867631 -0.613673 
-2.555173 -0.428954 
-1.069897 -0.268622 
-0.678360 -0.717065 
-0.999984 1.262804 
-1.001455 -1.499594 
-0.376807 0.434054 
-0.720147 -0.498115 
-0.594214 0.427722 
0.864057 0.314305 
0.854758 1.012908 
1.191962 -0.131665 
0.485674 0.259726 
-1.170061 0.081337 
-0.991215 -1.552661 
0.706737 -1.453106 
1.810408 -0.766159 
0.941962 -0.577116 
1.170733 -0.998573 
0.631747 -0.728181 
0.709354 -0.553433 
-1.274711 -1.855977 
0.392918 1.228472 
0.674258 1.165299 
0.532609 -1.141963 
0.511663 0.131872 
0.099450 1.294473 
0.271936 0.985399 
-1.626564 2.319809 
-0.145896 0.019855 
-0.670260 -1.653564 
-0.077797 -0.597445 
-0.828946 0.590027 
-0.301149 0.277911 
0.369224 0.030941 
-1.696477 -0.724208 
-1.402001 -0.523046 
-0.647784 -1.149764 
0.199861 -0.375454 
-0.925191 -0.747859 
-0.184321 0.809295 
-1.248303 -0.273132 
0.399994 -1.498262 
-0.910318 -0.227433 
0.431836 0.622308 
2.236629 0.948030 
0.288027 0.726323 
-1.121536 -0.349048 
-0.728393 -0.397136 
-1.544739 -0.137337 
0.550175 0.371263 
1.951295 0.839652 
-1.680127 -0.488684 
-1.059332 -0.661880 
-1.964146 1.700377 
1.005911 -1.145846 
-1.126543 -1.307726 
-1.082255 0.404938 
1.096935 0.423002 
0.909593 1.216562 
-0.802543 -0.946925 
0.720655 0.880391 
0.238247 0.272447 
-1.683060 0.000571 
-2.767518 0.763521 
-0.964279 -0.000394 
0.795396 1.656673 
-0.474265 -0.323879 
0.722009 0.281911 
0.726008 -0.671629 
0.823431 0.692111 
-0.419575 1.733670 
-0.336772 0.585279 
-1.835025 -1.019096 
-0.184899 -1.182360 
-0.117737 2.853848 
-0.249326 0.121565 
0.451607 1.461632 
-0.542941 0.313545 
0.490300 -0.364593 
0.155785 1.412724 
0.473227 0.743201 
-0.759308 -0.300812 
-1.304273 0.282472 
-0.691972 -0.245357 
-0.393902 1.855583 
-0.343134 -1.162813 
0.257444 0.292639 
-0.040957 0.090848 
-0.024887 -1.757450 
-0.637198 1.119286 
-1.727661 -1.456048 
1.125595 0.256429 
-0.192936 0.995304 
0.219409 -0.913537 
1.525408 0.185277 
0.417205 1.715415 
0.989513 -0.643907 
-1.067891 -1.412177 
0.750242 0.379702 
0.049723 1.077908 
0.879406 0.630305 
-0.225275 -0.042430 
0.369791 -0.241246 
-0.285785 -1.230247 
0.010610 -1.024988 
1.247157 -1.345644 
1.233256 1.198641 
-0.562223 -0.705814 
1.429364 -0.530602 
1.428754 0.757939 
0.442427 -0.780877 
0.085589 0.309891 
0.179353 -0.492714 
-0.525761 -0.073699 
0.155333 0.873380 
0.569304 0.642535 
-0.765237 0.802235 
0.764067 0.753945 
0.111771 -0.385741 
0.850389 -2.206479 
0.956540 -0.746736 
-1.018412 1.972963 
-0.158584 1.057130 
-0.652456 1.178745 
0.731261 -1.979594 
-0.094912 0.252038 
0.737020 -1.486588 
1.075885 -0.239570 
0.708931 -0.274594 
-0.016312 0.009176 
-0.315909 -0.090381 
0.944315 0.329670 
-1.248902 0.361754 
0.773159 1.637152 
1.657018 -0.052028 
0.738497 -0.204596 
0.157372 -0.289592 
-0.329427 0.623484 
0.502114 -0.202855 
-0.380913 -0.866380 
0.200689 -1.276528 
-0.422064 0.043590 
0.135943 1.807714 
-0.226380 0.756720 
-1.030116 0.232875 
0.794726 0.690006 
0.689630 -0.776200 
-0.256492 -1.139219 
0.763526 -1.170439 
0.524381 -0.500016 
0.969421 -0.614179 
0.549898 0.666030 
0.907518 -0.142313 
0.827931 0.447179 
-0.485630 -0.812279 
-1.083021 -1.330621 
0.206989 -0.289967 
-1.688917 0.444675 
-2.198466 0.997291 
0.128194 -0.999030 
-0.177827 -0.551957 
1.405176 -0.173315 
-0.480131 2.609133 
-0.768469 1.163809 
0.643755 0.643973 
1.540542 -0.067826 
-0.954995 1.124632 
-0.811044 -0.296993 
-0.212944 -0.671651 
1.225164 0.188703 
-0.871087 -0.366320 
-1.343496 1.147192 
0.464174 -1.392199 
-0.804297 -1.358907 
1.536988 -1.103931 
-0.818557 0.495117 
-1.642686 -0.523145 
-0.580754 0.510799 
-0.389990 1.022690 
-1.586352 0.343062 
-0.821157 -0.122763 
1.439883 0.345558 
0.150960 -0.522708 
1.035988 0.903310 
0.854663 -0.327546 
-1.417722 1.162211 
1.866464 0.579123 
0.363628 -0.461889 
-0.633903 -0.826897 
0.595853 -0.987462 
0.103536 1.153210 
0.305697 -1.695300 
0.227131 0.287465 
0.499533 0.929247 
0.298347 -1.020396 
0.182929 -0.446516 
-0.465909 1.580695 
0.396113 -0.589548 
2.382957 -1.060865 
0.287596 -0.177423 
0.145472 -0.350910 
0.585117 -0.442047 
0.470523 -0.676988 
1.269809 -0.926885 
0.109383 0.297982 
0.388872 -2.288580 
0.667376 -0.986318 
-1.124256 -1.357277 
1.333958 0.128219 
0.317605 0.230330 
0.536142 -0.694076 
1.587604 0.592017 
0.320611 1.490382 
-0.334103 0.015329 
0.529920 0.078728 
-0.873403 0.194448 
-0.668254 -2.602299 
-0.198836 -0.309848 
-1.120324 -0.797512 
0.324492 0.285164 
-0.462020 -0.273731 
-1.359719 2.131189 
-0.473927 1.296294 
-1.113748 -1.033620 
0.899407 -0.132781 
-0.364725 0.285431 
-0.616265 -0.772637 
-0.039694 1.773864 
0.353986 1.306976 
0.632863 0.234931 
-1.391298 0.288449 
1.403656 0.722089 
-1.690247 -0.299023 
0.818487 -2.678622 
-0.467880 0.700015 
-0.481342 -1.140649 
-0.881546 -1.425353 
-1.637235 1.359994 
-0.466127 1.247729 
-1.331865 -0.818356 
-0.107137 1.090629 
0.887159 -0.552316 
-0.798180 -2.579331 
-1.036025 0.431600 
0.095751 -1.251806 
-2.048691 -1.293974 
-0.184382 -1.178646 
-1.676299 1.803813 
0.372251 0.044159 
-1.193842 -0.098060 
-0.526939 -0.164199 
1.878136 0.235001 
1.159480 2.084243 
-1.015144 -0.328035 
0.193720 -0.043694 
-0.487059 -0.528649 
-0.476050 1.328431 
0.382421 1.470319 
-0.396972 0.433283 
-1.504888 0.198572 
-1.119335 -0.071070 
-0.469417 -0.034390 
0.352482 0.462126 
0.072654 -0.592138 
1.017043 -0.043616 
-1.435549 0.187854 
-1.761424 -0.011183 
0.414444 1.322168 
-1.785713 -1.053501 
1.210114 -1.254556 
0.722437 0.382605 
-0.010062 0.323040 
-1.425995 -0.187047 
2.271820 0.159459 
-0.745394 -0.871853 
-1.058546 -1.048694 
2.944606 0.892090 
0.355436 -0.225674 
-0.072786 -0.649110 
3.109120 1.130470 
0.606773 1.270004 
1.805025 1.584358 
1.109528 -0.242194 
-0.862381 0.577496 
0.047392 -1.181765 
-0.188532 -0.529807 
-1.288718 1.150149 
0.032348 0.029743 
1.810037 -0.431021 
0.115225 0.456676 
1.043086 0.516430 
0.086925 -1.997994 
1.047255 0.442789 
0.811519 -0.454068 
0.075475 0.687307 
-0.627194 -0.579523 
-0.113544 2.446667 
0.914404 0.774072 
-0.181358 -1.121721 
-2.907974 -0.110399 
-1.421169 -1.305210 
0.229916 -0.997261 
-0.048963 1.511890 
1.585409 0.299438 
-1.485634 0.375039 
0.950400 -1.103708 
2.427757 0.689647